                                                                                                                                            
                                                                                                                                            
                                                                                                                                            
                                                                                                                                            
                                                76  21987 2165                                      3287                                    
                                                8519345564397419                                    41965                                   
                                           4376194287764657883287                               76  56734                                   
                                         765285223356893786593456                              985   982                                    
                                        985619431544321219141287           43      87        6512432 1219                                   
                                    98761247897896789128932321965         652    21965       74 34517637821                                 
                                   216754332 16432215437547891234         781932136734  4376 83  769854653998                               
                              32   345893451925591396786676544376          9184594582  65285192 9878912344817   65    76                    
                              4195476  12 67834687484395 81235285      9876 27768549198791942319126521543572652174    854                   
                           87657863854  19 874375657521439987619432    1455436897632 127821354784334396126633439832   923                   
                           9123687292319281965284 66678921782347891  542367895217891 4365342676 56214879875421456719  11                    
                         654354599111 28372367193275432145691 56 8765632 76214356321 56746519854878956784567892198784329876                 
                         789267418 2943746 45898918912343219763219234781985312345489 32837891223917  21932199834566 5612345                 
                        4321198327438566554 431765 6521566788547891 659189449877667 54192197631322654334567817658752179654                  
                        5891234456567 789132522234874398754 94568768743271354568954367912388549413345621954322349143988723                  
                  32    6776765398776587329161315491234562321321915923456226332219129887 47912859421 76786789143223456891                   
                6541  433285891215683496458779496376 65 714345893241165443172413487612566565437685899854376 9859154327765                   
                71298 524194192344192215465688587285474989523675423297835698159653454343712345897676167128541768768918934                   
                89367 6156732876532913423741976781923831786198769143819217899687121956128987667123452589 913223456776512                    
              19 54548796589125675687651983256659891 9226577896787567278932187569 28879871945658765434398 239187439834765                   
            43287612391874 543498478912891234874176521133486515896876363245673478437934562332749123912217654819652112 894321                
         543567891998 2343263651237654376 76591329143494219342421591545419198276 5661276 54918398748734567897238912987216789 43             
         672652192817619561727419 8912345489432568236585891243334432893478234185217521854678 921265561981921654765345634598 65219           
        3281743783723528 798183287 326552321123477987876776 562156567125619859943984399139876119345432672834891234543 43217678678           
      65419989165465443768989914565417461938921986176912685487898741965762376812391238722134523854623454376576541961265123451954            
      789128322345234789541765236789983778476345652455435913967 91328748544567 54876456345287 476371 195678234532879878954322323            
        76374198761956 12323443 4321212866545 987433 6734322154432891239132876569145 2197619655672898287439176678912567 68915419821         
        85465453423854321 65562159143989578321123912198214591235677654652319234782321348891234 9819673565219854 19 34 98776764567398        
        911223625147673498743789686556714 9189 5482123459768719658912374 4561998765396576 2192112125 44 678912332876 21912582343 467        
       6529319716956 82567892198777848723232754667394376884562874989898332 78811234487345437839439346532 198765423454378 3491 521559876     
      874384588978 219121761233456593963914566375 48528679398312317171224132972965 561243566 4857865789132567891198755643 2198679641345     
      91267 6719 54398439854542 674121548654372846576195412174983262643159411638743879652875657665741985434 76 23456643524356798873221      
       43543  287689175678936711983289167791281937 5691 32456567445355696859254 9129187 193478 234832 76 21985432198712615643212345789      
       56912543456732654321218923456732548832912283478256 321876535448787768345687632 78912219916598912345678912345349879875679154665       
        78876321985445691234987987665489397412131921323478789934 26739 345671987 4545669874367887417687432198768766251278894 88763734       
          91234567623 788765676123578971216593945689418769654125619821124398234523548751565 5439 32459658912345945716936971329891282        
           219197891  6591519856544321623567848217765991512231987784569852176196196393424367812191 321897654354132897845162911765491        
           37828765438743242344789123455443985739845687244319234569387 7623452877872124312219932823456712345263291 54876253872312354        
        76546438912329123439853983219876342176645 327863356 8655431291234176534 6589115 9834584 7876321321 617678196394534456 498 63        
        8912556798 41987652176217456789125678954689119542876774672121943598 4356744329612767675569154 945987985432872132198 655678721       
       765434332176523456789123463287687654321 3776323451945983988934852678912768358987934589664432 128768914569167127823678743219789  76   
       89123424567891654321987655419 591234567828454521672321 21 74357613211988592671238787215735678934567 23 782589369145 916789165 1985   
    543  8765198721547823671212789123487433219919376679881934564565267894892 7941176654 696334821765431965465432343245 217632543223432234   
    672  912345663963 91458939368765439652456812328598 7918198736791439857435613298572345154219 988912287237129165419873985434591   491     
     8176324328754872192198548459145 21341987765419414563272891298875217665343267894819872 12 7891765432319893877823456478912 6887  585419  
     998541561923123458391766787 236791256789 4589132325456378761256678913421455211393456349346542 67 914567845619197665687 3277965767632876
     125679874514943 67482345 963219887987651236732 8916345469 543432543225 986439221213265875 2334589876543 2192678857859654186134889123125
      34 89123695852876576543215412345612344376324567217216451234 121678916767787832349417786671219651234562134835 1943941678995221976544934
       1987654786761934567891234598765432156285419654398 973219858939435432854196541958598695489348743219878985744326721325432143782389358  
      329123432198778276521765436789123459871934 8723456788912 767548526341923234567867634512321956 67891769176653455891234589145691471267  
      47887657893456918943984512 4321987645671256911987211987346576 7617256 1976765219872198763 87745543245 238912 6432198767623219856      
      56 91256 12 65432156723698756789145321895478234563923 665348912398197678858 43345891234545668326712376547983278891346785367567 76     
        65434354327891234 819789654321236789876321987654874457821653245*788541949123216787653243759 19898789156174199762255 9445843  854    
        7891226781987654319787612345698765439 9123456235665321989744176*659132237654 987923441528419123456982432657814531642132191221923    
          543121978236712236985211987782345217832198714478456767983598***432**19878 3456117659619328765432173673456 23 49733423987 3891     
          67893456914589  4512439234569187645654 7889953293198521 26***********4569127632981287 894589123456458254321985882651478654765     
          1943321987654194321347876543219123876456971869112234436717*      ***2387632854 78934567136743219876 9167891276791789569112334     
         32852456789123285679 56 89123458998912365162778321765345898*      * 9119*5419912654432872276591 234543 8743 36 54321987629842      
         45761965217635679888876543219867217632874253665459891232912*      * 832**91458438935 19631897829187652196521457612367845347519     
          67898743985443217979123456787433455419 3344574768765541943*      * 74**78236756712671254981653879189123678998889 45 93  56678     
           43123454523456561632874321965287645891298198389123467885**      * 65**6543217632198934567234456 276544543217976543212            
          65219876361198743254196567893419123676541723 219874321976*       *  ****234 9854918763287542196543782356914561567891   76         
          787891232792323491678459832125988761978326547823 65 3478****     *  *78916512567823454196633 87567691197823 324321919658543       
          19687654188 419582519321741876 79 5287912345691456912569123*     *  *632878934985419653457241234985432874398434567828749912       
       54324599145997657867342346765991236134346876548765547887619654*     *  *5419*76541763287 2198159876123456765217521 65431231876       
       6712321823681678632198765582387654522875591233912463219 5287***     *  *******123234 1234 89196 675435432891456679872349652345       
        89  347 8772519545893456491456789431966476542433372345643***       *     ***89987658921567328745891268912123 328789165874321        
             56195634234 6712 87387652121 789573891215242819987567*        *    **1276189127639876478232198777 439215419632 78934589 32     
               234219219659832912912439345621482176396151978123498*        *    *8934527543 54 345569143345686557839691254198712 676541     
               54334834874174176654334876543 39 98548796126521541**        *    *7619436691675621219865 21989346654878736756765432871298    
             7667215765673265985789125678912321347812 87934439632***       *    **528545782584789356772345671287345345645843878911989367    
             85 899645198912345419765219876549125699342386534879145**      *     *4376328734932874439819654321912 621987691296542367 45     
             9432187322876 21763288943569128985432186514771256782367*      *     ***67 196541 1965 21788778991894378234554321453 45         
          6521912367813455439845676123478437176345677895689876652198*      *********58891673234567891694562182765219143678912362            
          743787645199876347893 785432198556231219874328743945743****      ****34**34976258232198765251321347367129875219854197154          
          823698543291891256 122191234567643249825665 196521328**          ****25892114534914789123434234985645893456678976328896321        
          9145123456827219876543987654378569156734712 567891*19*           23*916712923432195652198541985677654321981943145567987789        
             43287 77363456789123234562194783221768934435432****       234 14*8765438765567867433476326732 85691256728522364321456          
             561969864543219876541198778 38741398576651267 2367***     195 9589 345678 342198891256914554199478 34 437619 78912354          
          32877895145 6512562345892345691296594534857897689145891*******867867122874391243567198767823766781321987658912876543 7632         
         541965414238778934716567  196543217887621941998521765432123****7654321319652176534652234554198 543289123456765367891298891         
         6234563232196543218974321328789125691234563281 439891 78954***23456789457823983421743198763256 34567 43 432 7445 5432167           
         71219789123478918943891294574376342198765789723458432 654656**198776547669145625698569145  3478219876521561983219634545            
         8934876543256 327652874387665285323456784321654367523 893747234566892389543217187234782367123291234567898745893487216398           
          765456789198549123196545891219441988769128934 28761457128381987752119212345989911985439889541987654872192367125678972176          
          823354321457678654671236743345356779157637125619239766329291 56843 78341986876325676 21776676789123963891  876543218934565        
          9142691673623687345899876521762198652485465437891488954111923419345632566773454 47123456859854196521547654196756789 124374        
           6517825827145912 43217891 9823456743393456 2198657612892 8543212765418754825456389765419418932874389123432458432198765283        
           7896534918921987653456 3278913287823212197823 778954374367691 988 789912391638721981232 32714589347654351231923434567819219      
            987432192134568912985445676541969145 458191456521455656547823479165439879872916734934234562367125675626987231 521987918978      
            1234567839 9877432176321981256 52176236723976343 3643278398765652345215612313258258651<2198765432 847178965498623456327165      
             2198765487125656789123456934784398 187654889214127 9119212 23349876 3476549434916779189 6712345199389 21895677198 5456234      
             347891234653465432198 43787659189129915677618959889872314391421145 129878985287654882714589765678128743671465891766743196543   
              5654 985345478912567652198 43276438324984527667761 65495 8758923689215621761923 3973623219834 987696545 23748724598122875621  
               76321762163321934789189123451255674531 323 548952456786756674327743 4334678914521645345691254134512237632839633218943914789  
             198895691297245687654327219876934654362289145 321433232198432159186567 215519876612587654788763228743198541921545677657823     
             23471478 38819 789123456345 4587678 271376576123434914556789 9681951987896427845793491563219891219652391236712344 8934654      
               5623 654791832432198763267367 549918945 4889765258776476517877234256654733693288763247345675434789148764589655321125893      
          65437621987916527415656778541982189 318768762397689116568938342698654334789382451219145453821987632566545895432 746789546712      
          7812853456782343659874 86916756798112234591 19125982974321292435125612198712915443982387629234456719872367123419832198632         
          1991941965 194556234231953258498 72985434329184341738845198115 433479829162197635567219911119532189123176549859123456779154       
          238233287432876471651 23445493125634761258982756326479368972967124389738253788126476389829238612987654981231768765432988763       
          547 456788917823897892198763124343 56798671736872355612771638789 5211647344659987385471738747793892345899652789567891178912       
          6765432197326912198543567812765912219867432645911443219862545698768925565653412782945626456568847119 67187436 14 6543265432       
           83491675645576378767842199982387 34785 564554329566791253443212367 3467471254369113213543211975623876523891542387914567891       
         219258258437648546915693347812145676569432732678988758873476578914543 198389 678543278945678923665441234 476233219782365432        
         345167349128239125 24312 56763987986751291891 3217914916 983465435122123421 3219672367654398  45783598766545 45675619877891        
           69   652191219344312 541985423612584 3898765445632322521125891269389325695491258145899121764321926914578321965843289165          
           78 9874356934876589876327845145 349354716778932 4591343498671987847541 78678 349987 1823895545231782332916787491567 234          
              12345478656712769342369369876 212676258651918768765456787237655667998765 192145632764714636149876541325438332432198           
             2198763987458934512514512723454391 853493428 91223673221965412432988123443283432 454556237279512565694591292456911276          
             34569121223543219876987198198657821943 1243765 314589134567893491127 19567876591876321989818869347478 687611547829345          
            2198787  31764512378678627896775643789287657834549654376543198 58653632876591678 912123471299778768328778952963243843219        
            34512568749893695469519536215984 56621193456921678791289782237767744545623432543214398756438168945911965 143879156756678        
              693419658 127867514234453441237675349125431299845876516915468968321987145781256956346195672521343212343234578     75432       
              78  2567765321984232198765321985843588761243812361234251967541593456789 669934788725528765343125689 452197665419  89891       
                  34 893447892354334567239123491267945985674327932134289823241254541987518732199164345643249887765462388456328  217         
                      12 5621196912219814876543543213667876591884598737121433 763632678425646778876732789156791789371479387567  3465        
                           3478784334569567891267891275 91458197 645646439562189278451933465586 91589187 3219 26512895612914     564        
                            56  65219878 76543 654321843223672368732155568 78921199322321978495432432196549187334         23      73        
                           543 87125691768345217456899341987654591789643776 98367819154238793123478231234782564219                82        
                           6721989347824592167983877 1256783491432654712895417454328769145612 765691498756 34 5678                91        
                            82367198743321298891295665432192582345123893212326765457898765421984554358965219                                
                            9145 25665561 367 19814 734567816798769876 4591 35891366517892334523671267124378                                
                                 34712479845432672328276519932191278954 68754443227342651198761198987643456                                 
                                   89338976 5675434191834278456843651238756623569182433423678892367345563219                                
                                     42 125   8936592192436548775674321934 71  78 915621 45 97  458219878458                                
                                    651  34    12788345159123916548458912  89    21987895432165 4392367 9367                                
                                    789         2197 769687  327839367 43        345667 677893465211455412                                  
                                                3456 87878654456921219852           752198621217845987632                                   
                                                   21965 9123  21122347619         9843674534598936345891                                   
                                                   3456432198  34931951278         12345832 76671272167                                     
                                                     87567567   584786936             219919845   889                                       
                                                     934984     6756 7845             3458 123   197                                        
                                                     12 123                             67       236                                        
                                                                                                  45                                        
